# x | y | err
-1.00000000 -2.18680522 0.50000000
-0.71428571 -1.16483443 0.57142857
-0.42857143 -1.05030407 0.64285714
-0.14285714 -0.00326374 0.71428571
0.14285714 0.04281621 0.78571429
0.42857143 2.70203372 0.85714286
0.71428571 3.66231163 0.92857143
1.00000000 3.82192392 1.00000000
1.28571429 4.07419325 1.07142857
1.57142857 3.73864891 1.14285714
1.85714286 6.35436737 1.21428571
2.14285714 5.86898538 1.28571429
2.42857143 4.87059017 1.35714286
2.71428571 7.33237739 1.42857143
3.00000000 9.80876717 1.50000000
